function loc = load_location_data

loc.lats = [24.24806
25.11722
29.34667
35.3925
39.44806
46.03139
34.94611
44.81417
32.50194
42.16556
39.13611
40.08833
36.12667
33.56389
41.93889
29.34166783
39.70167
44.47278
30.31778
34.38278
39.84417
48.73194
34.115
38.37306
35.21611
41.16139
64.29056
33.64389
36.58722
32.16639
41.53833
33.91528
39.12833
30.65028
46.84222
32.42083
34.90556
30.483
64.66556
29.60722
44.145
47.615
46.92056
38.95111
35.33667
40.97833
41.13306
40.83694
36.77611
32.90528
42.94722
31.429631
43.56444
47.96111
47.482
40.64806
43.11139
42.47
40.19361
41.12389
32.8525
25.48833
30.42778
37.00194
38.4575
32.31111
30.49417
43.58194
38.84278
38.81083
32.89861
61.25139
37.08278
47.1475
40.01917
21.34972
29.44889
13.58111
34.56556
26.35167
31.50583
30.41139
42.307278
32.3325
42.15611
35.04028
35.90361
38.76167
29.35944
40.85111
34.91694
33.9191083
38.17806
34.66639
33.535
27.84944
47.50472
40.81361
33.88056
32.37917
37.62306
33.92083
35.81083
35.0425
44.88167
48.41583
40.70528
37.415
32.30444
30.96778
43.04361
18.43944
32.76917
29.82528
40.19972
36.23611
39.68528
43.11333
41.11944
37.09056
41.65861
28.235
43.07806
40.66056
38.82361
40.4945806
35.17083
45.58222
41.59722
52.40833
52.365
49.443917
39.49917
39.81361
32.64
43.23082083
39.77194
40.78833
32.1275
38.80333
38.54528
42.60833
35.33944
33.97306
25.91806
39.40194
33.98889
33.3913306
42.39833
33.42667
49.97583
39.84028
41.50417
42.8525
39.45139
76.53111
17.66556
35.41472
41.586806
43.05028
38.26278
43.13972
32.11528
36.19833
30.07861
38.99028
36.33944
34.7325
43.93639
39.3256611
42.19389
38.73028
35.39306
39.82306
35.74861
41.2607333];

loc.lons = [ 54.5475
51.31472
47.52056
-86.08583
-74.58167
12.59694
69.265
-68.83083
-93.66278
-72.72056
-121.43639
-83.06694
-86.68194
-86.75222
-72.683333
-98.435182833
-104.75167
-73.14667
-97.76056
-103.32222
-89.67806
-97.90444
-119.11028
-81.59306
-80.93194
-104.81944
-149.18694
-88.44389
-115.67333
-110.88306
-93.65944
-84.51639
-75.46472
-86.52278
-92.19361
-99.85472
-117.88361
-86.533
-147.10139
-95.15889
-103.10361
-117.65556
-96.81583
-95.66583
-94.3675
-85.195
-104.86694
-72.64222
-119.73056
-96.64111
-87.89667
-100.399039833
-116.22278
-97.40111
-111.3706833
-86.15222
-76.12361
-71.28917
-76.76333
-111.97278
-106.10639
-80.38361
-86.68944
35.42583
27.17028
-90.07583
-81.68778
-96.74194
-77.01611
-76.86694
-80.04056
-149.80639
-76.36056
-122.47944
-74.52278
-157.95861
-98.44889
144.92444
69.21083
127.76944
65.84778
-88.92361
-85.251472
-88.75194
-121.73306
-106.60917
126.61583
-27.09056
-100.77806
-96.75917
-92.14639
-118.3806194
-85.72472
-99.26806
-112.38306
-82.52111
-111.18722
-82.5166667
-117.25944
-86.3625
-97.26722
-80.80111
-83.99389
-89.97667
-93.23361
-101.35806
141.37194
-122.04833
-86.40028
-83.19278
-115.8725
-66.00194
-97.44167
-90.035
-75.14806
-115.03417
-75.59917
-78.9475
-95.90861
127.02972
-70.52139
-80.61
-70.82333
-89.69556
-104.695
-80.215475
-79.01444
-122.58972
-71.41222
0.55667
0.48083
7.6022583
-119.76806
-82.94667
-83.59167
-75.40964083
-94.9097056
-111.97778
-81.20194
-104.52556
-89.83528
-82.83556
-77.96056
-80.47278
50.59056
-77.98444
-98.49194
62.260975
-96.37194
-112.01194
6.69722
-83.84028
-74.10472
-73.9225
-87.3075
-68.70333
54.02444
-97.38667
-83.807833
74.46944
-121.9275
-89.3375
-110.93056
-95.88806
-85.57639
-104.85833
-97.91722
-120.56806
-90.25972
-76.4137639
-72.53472
-93.54806
-97.60083
-84.04944
139.34861
-80.6790944];

loc.location_name = {'Al Dhafra Air Base'
'Al Udeid Air Base'
'Ali Al Salem Air Base'
'Arnold Air Force Base'
'Atlantic City Air National Guard Base'
'Aviano Air Base'
'Bagram Airfield'
'Bangor Air National Guard Base'
'Barksdale Air Force Base'
'Barnes Air National Guard Base'
'Beale Air Force Base'
'Beightler Armory'
'Berry Field Air National Guard Base'
'Birmingham Air National Guard Base'
'Bradley Air National Guard Base'
'Brooks City-Base'
'Buckley Air Force Base'
'Burlington Air National Guard Base'
'Camp Mabry'
'Cannon Air Force Base'
'Capital Airport Air National Guard Station'
'Cavalier Air Force Station'
'Channel Islands Air National Guard Station'
'Charleston Air National Guard Base'
'Charlotte Air National Guard Base'
'Cheyenne Air National Guard Base'
'Clear Air Force Station'
'Columbus Air Force Base'
'Creech Air Force Base'
'Davis?Monthan Air Force Base'
'Des Moines Air National Guard Base'
'Dobbins Air Reserve Base'
'Dover Air Force Base'
'Duke Field'
'Duluth Air National Guard Base'
'Dyess Air Force Base'
'Edwards Air Force Base'
'Eglin Air Force Base'
'Eielson Air Force Base'
'Ellington Field Joint Reserve Base'
'Ellsworth Air Force Base'
'Fairchild Air Force Base'
'Fargo Air National Guard Base'
'Forbes Field Air National Guard Base'
'Fort Smith Air National Guard Station'
'Fort Wayne Air National Guard Station'
'Francis E. Warren Air Force Base'
'Francis S. Gabreski Air National Guard Base'
'Fresno Air National Guard Base'
'Garland Air National Guard Station'
'General Mitchell Air National Guard Base'
'Goodfellow Air Force Base'
'Gowen Field Air National Guard Base'
'Grand Forks Air Force Base'
'Great Falls Air National Guard Base'
'Grissom Joint Air Reserve Base'
'Hancock Field Air National Guard Base'
'Hanscom Air Force Base'
'Harrisburg Air National Guard Base'
'Hill Air Force Base'
'Holloman Air Force Base'
'Homestead Air Reserve Base'
'Hurlburt Field'
'Incirlik Air Base'
'Izmir Air Station'
'Jackson Air National Guard Base'
'Jacksonville Air National Guard Base'
'Joe Foss Field Air National Guard Station'
'Joint Base Anacostia-Bolling'
'Joint Base Andrews'
'Joint Base Charleston'
'Joint Base Elmendorf-Richardson'
'Joint Base Langley?Eustis'
'Joint Base Lewis-McChord'
'Joint Base McGuire-Dix-Lakehurst'
'Joint Base Pearl Harbor-Hickam'
'Joint Base San Antonio'
'Joint Region Marianas'
'Kabul International Airport'
'Kadena Air Base'
'Kandahar Airfield'
'Keesler Air Force Base'
'Kellogg Air National Guard Base'
'Key Field Air National Guard Base'
'Kingsley Field Air National Guard Base'
'Kirtland Air Force Base'
'Kunsan Air Base'
'Lajes Field'
'Laughlin Air Force Base'
'Lincoln Air National Guard Base'
'Little Rock Air Force Base'
'Los Angeles Air Force Base'
'Louisville Air National Guard Base'
'ltus Air Force Base'
'Luke Air Force Base'
'MacDill Air Force Base'
'Malmstrom Air Force Base'
'Mansfield Lahm Air National Guard Base'
'March Joint Air Reserve Base'
'Maxwell Air Force Base'
'McConnell Air Force Base'
'McEntire Joint National Guard Base'
'McGhee Tyson Air National Guard Base'
'Memphis Air National Guard Base'
'Minneapolis-Saint Paul Joint Air Reserve Station'
'Minot Air Force Base'
'Misawa Air Base'
'Moffett Federal Airfield'
'Montgomery Air National Guard Base'
'Moody Air Force Base'
'Mountain Home Air Force Base'
'Muniz Air National Guard Base'
'Naval Air Station Joint Reserve Base Fort Worth'
'Naval Air Station Joint Reserve Base New Orleans'
'Naval Air Station Joint Reserve Base Willow Grove'
'Nellis Air Force Base'
'New Castle Air National Guard Base'
'Niagara Falls Air Reserve Station'
'Offutt Air Force Base'
'Osan Air Base'
'Otis Air National Guard Base'
'Patrick Air Force Base'
'Pease Air National Guard Base'
'Peoria Air National Guard Base'
'Peterson Air Force Base'
'Pittsburgh IAP Air Reserve Station'
'Pope Army Airfield'
'Portland Air National Guard Base'
'Quonset Point Air National Guard Station'
'RAF Lakenheath'
'RAF Mildenhall'
'Ramstein Air Base'
'Reno Air National Guard Base'
'Rickenbacker Air National Guard Base'
'Robins Air Force Base'
'Rome Research Site'
'Rosecrans Air National Guard Base'
'Salt Lake City Air National Guard Base'
'Savannah Air National Guard Base'
'Schriever Air Force Base'
'Scott Air Force Base'
'Selfridge Air National Guard Base'
'Seymour Johnson Air Force Base'
'Shaw Air Force Base'
'Sheik Isa Air Base'
'Shepherd Field Air National Guard Base'
'Sheppard Air Force Base'
'Shindand Air Base'
'Sioux City Air National Guard Base'
'Sky Harbor Air National Guard Base'
'Spangdahlem Air Base'
